[KD6FVP-2>APS224,N6EX-1,WIDE1:>152343z[224]*We know most of your faults!!!\x0d]
7
2
1
1
1
1
2
1
1
1
1
2
2
3
1
2
2
1
2
1
3
1
1
2
1
3
1
1
1
2
3
1
1
1
1
1
3
1
3
2
1
2
1
1
2
1
1
2
1
3
3
1
1
3
1
1
2
1
3
2
2
1
1
1
1
2
2
1
2
1
3
1
1
4
1
2
1
3
3
1
2
2
1
1
2
1
1
1
3
2
1
1
1
1
1
2
1
1
1
1
1
1
2
1
2
1
1
3
1
4
2
2
2
1
2
1
2
1
1
2
1
1
2
2
2
1
1
2
2
1
1
3
1
1
1
1
1
1
2
2
1
1
1
3
3
1
1
1
1
1
1
1
1
1
5
6
1
1
2
1
1
3
1
2
2
3
1
1
2
1
3
1
3
1
3
1
1
1
2
3
1
3
1
3
1
1
2
5
3
3
2
1
2
1
3
1
1
2
1
3
1
1
1
2
3
1
2
4
2
1
2
2
2
1
4
2
2
2
2
1
3
1
1
1
1
1
2
1
3
2
3
1
4
3
5
3
4
4
1
1
1
1
1
2
1
2
3
3
5
3
3
1
4
1
1
2
4
1
1
1
1
1
2
1
5
3
1
3
1
3
1
1
1
1
1
2
1
2
1
5
5
3
2
2
4
1
2
1
4
1
1
1
1
1
2
1
1
3
1
3
2
1
1
1
3
2
2
4
1
1
3
3
1
1
2
4
3
1
4
2
1
1
1
2
1
2
1
1
1
2
1
2
1
1
1
2
1
2
3
1
1
1
2
1
1
4
6
1
1
1
1
7