1 16
1 17
1 18
1 19
2 21
2 23
1 24
1 25
2 27
2 29
2 31
3 34
1 35
3 38
1 39
2 41
1 42
1 43
3 46
1 47
2 49
1 50
1 51
3 54
1 55
1 56
1 57
1 58
1 59
3 62
1 63
3 66
2 68
1 69
2 71
3 74
1 75
1 76
1 77
2 79
1 80
3 83
3 86
1 87
1 88
2 90
2 92
1 93
2 95
1 96
1 97
2 99
2 101
2 103
1 104
4 108
1 109
2 111
2 113
1 114
4 118
1 119
3 122
2 124
1 125
2 127
4 131
3 134
1 135
4 139
1 140
1 141
2 143
2 145
1 146
2 148
1 149
2 151
1 152
1 153
3 156
1 157
2 159
1 160
1 161
1 162
1 163
1 164
2 166
1 167
2 169
1 170
2 172
3 175
1 176
4 180
1 181
2 183
1 184
3 187
3 190
1 191
2 193
2 195
1 196
1 197
2 199
1 200
1 201
1 202
3 205
2 207
1 208
1 209
1 210
1 211
1 212
2 214
1 215
1 216
1 217
1 218
1 219
1 220
2 222
2 224
1 225
2 227
6 233
1 234
1 235
1 236
1 237
1 238
1 239
1 240
1 241
1 242
1 243
6 249
1 250
1 251
1 252
1 253
2 255
1 256
3 259
1 260
3 263
1 264
1 265
1 266
2 268
3 271
1 272
2 274
1 275
1 276
3 279
1 280
2 282
1 283
4 287
1 288
1 289
4 293
2 295
1 296
2 298
1 299
4 303
1 304
1 305
1 306
1 307
1 308
3 311
1 312
1 313
4 317
1 318
2 320
5 325
2 327
1 328
2 330
1 331
1 332
3 335
1 336
2 338
1 339
1 340
3 343
1 344
1 345
3 348
3 351
1 352
1 353
1 354
2 356
3 359
1 360
2 362
1 363
4 367
1 368
1 369
4 373
2 375
1 376
4 380
3 383
1 384
2 386
1 387
4 391
1 392
4 396
2 398
2 400
1 401
6 407
1 408
1 409
1 410
1 411
1 412
1 413
3 416
1 417
1 418
1 419
3 422
2 424
1 425
1 426
1 427
2 429
3 432
1 433
5 438
2 440
1 441
1 442
1 443
1 444
1 445
3 448
1 449
1 450
2 452
1 453
3 456
1 457
2 459
1 460
1 461
3 464
1 465
5 470
2 472
1 473
2 475
1 476
1 477
1 478
1 479
2 481
2 483
5 488
1 489
1 490
1 491
1 492
1 493
3 496
1 497
1 498
1 499
1 500
1 501
3 504
1 505
2 507
2 509
3 512
1 513
2 515
2 517
3 520
1 521
1 522
1 523
2 525
3 528
1 529
1 530
1 531
2 533
3 536
1 537
2 539
5 544
1 545
2 547
1 548
2 550
1 551
1 552
1 553
1 554
4 558
4 562